[app]
autoloadpath=../../test.ifc
[controls]
cadpanspeed=250.000000
cadorbitspeed=250.000000
keyboardorbitspeed=500.000000
flightmousespeed=5.000000
zoomspeed=1.000000
keytoolmeasure=77
[theme]
background=0.11,0.11,0.13,1.0
panel=0.16,0.16,0.19,1.0
accent=0.94,0.65,0.00,1.0
text=0.88,0.88,0.88,1.0